results: Entity,Day,Count,Momentum,Positive,Negative
33312449,2009-01-01,123,0.404788,0.0686018,0.0751483
33312449,2009-01-02,138,0.385358,0.0570414,0.0409437
33312449,2009-01-03,53,0.447932,0.209697,0.0442951
33312449,2009-01-04,71,0.379885,0.0491506,0.0314728
33312449,2009-01-05,128,0.367599,0.054545,0.0119212
33312449,2009-01-06,205,0.319643,0.105544,0.0200188
33312449,2009-01-07,228,0.358113,0.0647048,0.032721
33312449,2009-01-08,421,0.483975,0.0679146,0.0176708
33312449,2009-01-09,154,0.352056,0.0516842,0.0325251
33312449,2009-01-10,79,0.486624,0.0408668,0.0411677
33312449,2009-01-11,42,0.300215,0.0340728,0.00897959
33312449,2009-01-12,172,0.324447,0.0322268,0.0120871
33312449,2009-01-13,256,0.340332,0.0504544,0.0366476
33312449,2009-01-14,278,0.396078,0.0515502,0.0273614
33312449,2009-01-15,172,0.300643,0.0474851,0.0907899
33312449,2009-01-16,193,0.290666,0.0466656,0.0237171
33312449,2009-01-17,226,0.527496,0.048955,0.036729
33312449,2009-01-18,111,0.501932,0.0572555,0.0345788
33312449,2009-01-19,79,0.266089,0.0629028,0.0
33312449,2009-01-20,157,0.284026,0.0423825,0.0265829
33312449,2009-01-21,220,0.316987,0.0585642,0.076007
33312449,2009-01-22,771,0.616425,0.126202,0.13624
33312449,2009-01-23,433,0.496234,0.0930136,0.117583
33312449,2009-01-24,141,0.429895,0.0624056,0.108163
33312449,2009-01-25,63,0.312465,0.0312552,0.0860639
33312449,2009-01-26,172,0.296837,0.0682952,0.0678738
33312449,2009-01-27,107,0.294921,0.0526001,0.0276857
33312449,2009-01-28,108,0.289351,0.109014,0.0151419
33312449,2009-01-29,89,0.242775,0.084027,0.0238163
33312449,2009-01-30,146,0.334671,0.0607555,0.0199728
33312449,2009-01-31,53,0.298988,0.0293543,0.0350553
33312449,2009-02-01,26,0.30544,0.027107,0.0280543
33312449,2009-02-02,88,0.27904,0.0848896,0.0166814
33312449,2009-02-03,184,0.350618,0.0670893,0.0123348
33312449,2009-02-04,255,0.400756,0.0522734,0.0163313
33312449,2009-02-05,441,0.523577,0.0484034,0.0153303
33312449,2009-02-06,191,0.410649,0.0483184,0.00536985
33312449,2009-02-07,75,0.398785,0.0540132,0.0
33312449,2009-02-08,41,0.301374,0.032268,0.0280857
33312449,2009-02-09,299,0.35654,0.0477252,0.00845228
33312449,2009-02-10,206,0.345841,0.0609693,0.00674064
33312449,2009-02-11,123,0.288617,0.110275,0.0567134
33312449,2009-02-12,178,0.333836,0.0408338,0.0264027
33312449,2009-02-13,350,0.414757,0.061367,0.0170093
33312449,2009-02-14,88,0.396561,0.0505832,0.0421673
33312449,2009-02-15,55,0.352675,0.0182464,0.01556
33312449,2009-02-16,411,0.488357,0.0581277,0.0178574
33312449,2009-02-17,141,0.405378,0.0801461,0.00651094
33312449,2009-02-18,96,0.306274,0.082211,0.0225085
33312449,2009-02-19,104,0.268547,0.0591308,0.023058
33312449,2009-02-20,118,0.446645,0.0799278,0.0236837
33312449,2009-02-21,15,0.301558,0.0435133,0.0133333
33312449,2009-02-22,91,0.386818,0.0762249,0.00795152
33312449,2009-02-23,124,0.28641,0.0870107,0.0122067
33312449,2009-02-24,483,0.486575,0.0588524,0.0504465
33312449,2009-02-25,275,0.429842,0.0286865,0.0226533
33312449,2009-02-26,364,0.420115,0.0541086,0.0179878
33312449,2009-02-27,207,0.332378,0.0559419,0.0759215
33312449,2009-02-28,70,0.31955,0.0472041,0.0319224
33312449,2009-03-01,50,0.271774,0.0465737,0.0714087
33312449,2009-03-02,97,0.250115,0.0722025,0.00862906
33312449,2009-03-03,179,0.331609,0.0607734,0.0244347
33312449,2009-03-04,139,0.367484,0.0369513,0.0319004
33312449,2009-03-05,100,0.312677,0.0304075,0.00730827
33312449,2009-03-06,91,0.357606,0.042424,0.0
33312449,2009-03-07,72,0.371036,0.0125661,0.00961538
33312449,2009-03-08,53,0.374137,0.09796,0.0299667
33312449,2009-03-09,78,0.26709,0.0702434,0.014851
33312449,2009-03-10,149,0.311421,0.0784661,0.00537754
33312449,2009-03-11,111,0.310787,0.0581028,0.00737101
33312449,2009-03-12,155,0.337769,0.0282931,0.0183807
33312449,2009-03-13,124,0.285453,0.0701846,0.0449932
33312449,2009-03-14,43,0.323918,0.0600824,0.0
33312449,2009-03-15,64,0.275259,0.0,0.0178755
33312449,2009-03-16,167,0.360834,0.0563122,0.0103704
33312449,2009-03-17,93,0.318256,0.0669445,0.0332762
33312449,2009-03-18,257,0.326647,0.0688357,0.00318359
33312449,2009-03-19,662,0.525756,0.0765378,0.0115949
33312449,2009-03-20,428,0.51806,0.0622169,0.0167951
33312449,2009-03-21,104,0.413583,0.127404,0.0253496
33312449,2009-03-22,30,0.318197,0.0889351,0.0
33312449,2009-03-23,322,0.369458,0.0549588,0.018611
33312449,2009-03-24,393,0.390745,0.0735959,0.0148083
33312449,2009-03-25,264,0.386524,0.0755189,0.0108152
33312449,2009-03-26,368,0.421128,0.0546011,0.00999141
33312449,2009-03-27,413,0.470163,0.0793056,0.0253472
33312449,2009-03-28,96,0.376774,0.100464,0.0511309
33312449,2009-03-29,58,0.331397,0.149022,0.00316678
33312449,2009-03-30,535,0.413767,0.0513335,0.0157341
33312449,2009-03-31,583,0.473428,0.0689743,0.0323607
33312449,2009-04-01,453,0.533871,0.0473978,0.0117526
33312449,2009-04-02,170,0.504693,0.0793779,0.0413424
33312449,2009-04-03,18,0.408059,0.0958893,0.0
33312449,2009-04-04,115,0.3524,0.0699115,0.0111801
33312449,2009-04-05,136,0.41746,0.092084,0.0
33312449,2009-04-06,127,0.376828,0.0730658,0.00685913
33312449,2009-04-07,58,0.356845,0.0349357,0.0187219
33312449,2009-04-08,258,0.465822,0.102278,0.0197662
33312449,2009-04-09,497,0.526784,0.0707918,0.0241303
33312449,2009-04-10,546,0.692847,0.0489602,0.0353088
33312449,2009-04-11,194,0.615706,0.0425624,0.0145277
33312449,2009-04-12,63,0.440233,0.0672408,0.012987
33312449,2009-04-13,413,0.468854,0.0709116,0.0139987
33312449,2009-04-14,663,0.492119,0.0600625,0.0254688
33312449,2009-04-15,473,0.50698,0.0624013,0.00463914
33312449,2009-04-16,466,0.59274,0.0324168,0.00526087
33312449,2009-04-17,371,0.417192,0.0789527,0.0186537
33312449,2009-04-18,121,0.435704,0.0857109,0.00398192
33312449,2009-04-19,50,0.330441,0.0616148,0.00923077
33312449,2009-04-20,461,0.393909,0.0672473,0.0175762
33312449,2009-04-21,477,0.51715,0.0706682,0.0164618
33312449,2009-04-22,198,0.392216,0.0553689,0.0199619
33312449,2009-04-23,373,0.443694,0.0718949,0.167442
33312449,2009-04-24,512,0.516231,0.0639083,0.136772
33312449,2009-04-25,196,0.485773,0.0766994,0.047452
33312449,2009-04-26,64,0.378262,0.042474,0.0210561
33312449,2009-04-27,338,0.406126,0.0488661,0.0123504
33312449,2009-04-28,557,0.522237,0.0429763,0.0141291
33312449,2009-04-29,503,0.532216,0.0589355,0.00518964
33312449,2009-04-30,507,0.489098,0.0730256,0.00985489
33312449,2009-05-01,355,0.391658,0.0619977,0.0083183
33312449,2009-05-02,57,0.319081,0.03933,0.00426742
33312449,2009-05-03,40,0.266885,0.130832,0.0
33312449,2009-05-04,259,0.354027,0.0621876,0.023445
33312449,2009-05-05,497,0.508564,0.0607445,0.0632087
33312449,2009-05-06,387,0.375317,0.0450136,0.062358
33312449,2009-05-07,520,0.480444,0.0871217,0.0176002
33312449,2009-05-08,392,0.501674,0.0719102,0.00602746
33312449,2009-05-09,81,0.509609,0.0340702,0.0136852
33312449,2009-05-10,56,0.41387,0.121136,0.0648275
33312449,2009-05-11,648,0.710222,0.0705559,0.0614179
33312449,2009-05-12,648,0.659988,0.0539399,0.0474446
33312449,2009-05-13,467,0.511359,0.0632589,0.0343198
33312449,2009-05-14,246,0.346419,0.0330174,0.013059
33312449,2009-05-15,247,0.329574,0.0490592,0.0181963
33312449,2009-05-16,71,0.329364,0.0633038,0.014913
33312449,2009-05-17,63,0.371724,0.0968674,0.0
33312449,2009-05-18,397,0.388583,0.0963739,0.0229006
33312449,2009-05-19,522,0.569316,0.0724964,0.0176511
33312449,2009-05-20,437,0.544821,0.0502962,0.00583115
33312449,2009-05-21,385,0.502237,0.0822201,0.0115399
33312449,2009-05-22,219,0.409902,0.0790204,0.0179045
33312449,2009-05-23,77,0.361636,0.0823803,0.0267262
33312449,2009-05-24,72,0.425748,0.0616612,0.038263
33312449,2009-05-25,102,0.369859,0.0697315,0.0157938
33312449,2009-05-26,446,0.495578,0.066573,0.0175189
33312449,2009-05-27,660,0.56942,0.0577487,0.0105544
33312449,2009-05-28,830,0.622162,0.0713015,0.0181862
33312449,2009-05-29,567,0.620784,0.0502866,0.00849101
33312449,2009-05-30,135,0.527235,0.0478111,0.00215054
33312449,2009-05-31,61,0.363903,0.0683141,0.0
33312449,2009-06-01,681,0.483637,0.0467567,0.0107828
33312449,2009-06-02,750,0.52672,0.0525785,0.00892414
33312449,2009-06-03,850,0.698661,0.050518,0.0130579
33312449,2009-06-04,590,0.606418,0.0647241,0.0129169
33312449,2009-06-05,525,0.612127,0.0522786,0.0220819
33312449,2009-06-06,78,0.418425,0.0565733,0.0150843
33312449,2009-06-07,81,0.395715,0.0644107,0.0201828
33312449,2009-06-08,350,0.407029,0.068173,0.0148971
33312449,2009-06-09,681,0.498279,0.0846544,0.0114236
33312449,2009-06-10,563,0.491108,0.0771758,0.0265117
33312449,2009-06-11,927,0.696479,0.0479545,0.0150263
33312449,2009-06-12,729,0.663132,0.0433475,0.0132847
33312449,2009-06-13,107,0.705551,0.0546123,0.00184862
33312449,2009-06-14,66,0.419177,0.0381433,0.0351862
33312449,2009-06-15,247,0.41199,0.0629922,0.00574422
33312449,2009-06-16,507,0.443896,0.0543469,0.0132861
33312449,2009-06-17,579,0.515218,0.117443,0.0227296
33312449,2009-06-18,819,0.645243,0.069751,0.0158971
33312449,2009-06-19,449,0.578806,0.0610844,0.0113646
33312449,2009-06-20,82,0.484789,0.0328653,0.00406504
33312449,2009-06-21,42,0.303011,0.0441701,0.0308267
33312449,2009-06-22,407,0.403807,0.0589527,0.0168398
33312449,2009-06-23,456,0.300415,0.056218,0.00640983
33312449,2009-06-24,894,0.420284,0.0723505,0.00989642
33312449,2009-06-25,1263,0.438992,0.0449345,0.0156642
33312449,2009-06-26,422,0.361452,0.0542848,0.0119712
33312449,2009-06-27,44,0.285301,0.153571,0.00653133
33312449,2009-06-28,44,0.26404,0.196173,0.0120321
33312449,2009-06-29,630,0.357515,0.0496992,0.016462
33312449,2009-06-30,402,0.312292,0.0631214,0.00960866
33312449,2009-07-01,532,0.346404,0.144929,0.00643605
33312449,2009-07-02,390,0.300569,0.0561254,0.00912657
33312449,2009-07-03,158,0.285902,0.0591117,0.0297226
33312449,2009-07-04,30,0.304251,0.0364791,0.0530839
33312449,2009-07-05,33,0.243121,0.111298,0.0233766
33312449,2009-07-06,345,0.242375,0.0839267,0.011444
33312449,2009-07-07,454,0.318955,0.0665303,0.0187352
33312449,2009-07-08,759,0.457462,0.0395781,0.0216472
33312449,2009-07-09,850,0.520019,0.0436558,0.0799437
33312449,2009-07-10,541,0.465858,0.0543879,0.00873103
33312449,2009-07-11,93,0.421708,0.0518607,0.00883375
33312449,2009-07-12,72,0.322836,0.0362743,0.0
33312449,2009-07-13,1302,0.61748,0.0489996,0.0127821
33312449,2009-07-14,943,0.727612,0.0619302,0.0140675
33312449,2009-07-15,931,0.717781,0.0752544,0.0159314
33312449,2009-07-16,718,0.476197,0.0638291,0.0148233
33312449,2009-07-17,796,0.450432,0.0491497,0.0168084
33312449,2009-07-18,208,0.456928,0.0540719,0.0178965
33312449,2009-07-19,101,0.360709,0.0536446,0.015485
33312449,2009-07-20,257,0.386578,0.0844721,0.0203469
33312449,2009-07-21,154,0.334743,0.0708822,0.0231798
33312449,2009-07-22,89,0.273572,0.0514865,0.0687401
33312449,2009-07-23,732,0.528782,0.058766,0.122472
33312449,2009-07-24,1289,0.670424,0.0391424,0.0916186
33312449,2009-07-25,283,0.690436,0.0404166,0.0164227
33312449,2009-07-26,94,0.506492,0.045346,0.0563648
33312449,2009-07-27,432,0.475012,0.0826456,0.0192475
33312449,2009-07-28,462,0.471538,0.0493285,0.0169732
33312449,2009-07-29,2642,0.734332,0.0568684,0.0231996
33312449,2009-07-30,1129,0.761741,0.0835444,0.0279563
33312449,2009-07-31,569,0.646516,0.0988091,0.0266258
33312449,2009-08-01,117,0.537725,0.0380696,0.00990619
33312449,2009-08-02,55,0.335178,0.0667859,0.0751358
33312449,2009-08-03,668,0.486188,0.0684779,0.0164045
33312449,2009-08-04,447,0.482842,0.0698273,0.0148193
33312449,2009-08-05,749,0.530374,0.0552766,0.0125348
33312449,2009-08-06,612,0.560142,0.0492756,0.0231527
33312449,2009-08-07,450,0.567343,0.0425625,0.0144033
33312449,2009-08-08,83,0.460611,0.0839338,0.0260241
33312449,2009-08-09,186,0.581785,0.0296155,0.00544083
33312449,2009-08-10,419,0.482688,0.0385577,0.00878589
33312449,2009-08-11,490,0.497812,0.0421131,0.0154381
33312449,2009-08-12,1186,0.680425,0.0670997,0.00820344
33312449,2009-08-13,1009,0.560278,0.0364749,0.0147614
33312449,2009-08-14,372,0.384422,0.0802118,0.0136967
33312449,2009-08-15,84,0.364566,0.0352991,0.0297395
33312449,2009-08-16,44,0.285465,0.125741,0.0104895
33312449,2009-08-17,384,0.305436,0.0718146,0.01344
33312449,2009-08-18,432,0.289917,0.109286,0.0139347
33312449,2009-08-19,713,0.357981,0.0640096,0.00983819
33312449,2009-08-20,392,0.308384,0.0634414,0.0170504
33312449,2009-08-21,726,0.412727,0.246541,0.00666881
33312449,2009-08-22,81,0.323017,0.0945543,0.00902256
33312449,2009-08-23,109,0.35148,0.0555998,0.0100085
33312449,2009-08-24,655,0.318095,0.0635177,0.00844913
33312449,2009-08-25,108,0.224578,0.0136524,0.0112168
33312449,2009-08-26,481,0.385495,0.0531257,0.011043
33312449,2009-08-27,859,0.476367,0.0508935,0.0618687
33312449,2009-08-28,332,0.437363,0.0580615,0.0561963
33312449,2009-08-29,88,0.426732,0.0345113,0.0136364
33312449,2009-08-30,70,0.313027,0.0710014,0.0401218
33312449,2009-08-31,344,0.3258,0.0512915,0.0290598
33312449,2009-09-01,591,0.388081,0.0474504,0.0112752
33312449,2009-09-02,475,0.378754,0.0584773,0.0385473
33312449,2009-09-03,347,0.36819,0.0392119,0.0313579
33312449,2009-09-04,488,0.475687,0.0549567,0.0161917
33312449,2009-09-05,120,0.416411,0.0517728,0.00929737
33312449,2009-09-06,70,0.308982,0.0785102,0.0120927
33312449,2009-09-07,143,0.258303,0.065383,0.018812
33312449,2009-09-08,593,0.349699,0.0930562,0.0199344
33312449,2009-09-09,618,0.4345,0.0667479,0.0114568
33312449,2009-09-10,602,0.396155,0.05049,0.0118532
33312449,2009-09-11,606,0.448079,0.0740935,0.0103118
33312449,2009-09-12,88,0.35583,0.0651125,0.0
33312449,2009-09-13,72,0.347346,0.08245,0.0108844
33312449,2009-09-14,675,0.496407,0.0479541,0.0147867
33312449,2009-09-15,727,0.522422,0.0667428,0.0115512
33312449,2009-09-16,652,0.567324,0.0545697,0.00793714
33312449,2009-09-17,759,0.541406,0.0696167,0.0107588
33312449,2009-09-18,652,0.48271,0.0937723,0.0203895
33312449,2009-09-19,179,0.467841,0.121015,0.0474608
33312449,2009-09-20,115,0.482304,0.107585,0.0170084
33312449,2009-09-21,425,0.368793,0.0513177,0.00755298
33312449,2009-09-22,813,0.502751,0.0743698,0.0132593
33312449,2009-09-23,788,0.534876,0.0661849,0.0223575
33312449,2009-09-24,779,0.609218,0.0439706,0.0297185
33312449,2009-09-25,319,0.474687,0.0596129,0.0134892
33312449,2009-09-26,101,0.403827,0.0428358,0.0020723
33312449,2009-09-27,93,0.374584,0.0535382,0.0201907
33312449,2009-09-28,280,0.302738,0.0820107,0.00761631
33312449,2009-09-29,681,0.548017,0.0517622,0.0302207
33312449,2009-09-30,622,0.545636,0.0659898,0.0334658
33312449,2009-10-01,485,0.466097,0.06519,0.0277084
33312449,2009-10-02,299,0.400754,0.0470954,0.0280456
33312449,2009-10-03,68,0.384916,0.0364323,0.0541067
33312449,2009-10-04,96,0.354196,0.0966659,0.0124975
33312449,2009-10-05,589,0.506674,0.0654561,0.0364286
33312449,2009-10-06,759,0.499944,0.0698109,0.0195072
33312449,2009-10-07,941,0.627862,0.0420812,0.0183927
33312449,2009-10-08,293,0.487269,0.0208947,0.0186797
33312449,2009-10-09,405,0.499916,0.0616887,0.014133
33312449,2009-10-10,116,0.469058,0.0654586,0.0248693
33312449,2009-10-11,105,0.413185,0.0157378,0.0591843
33312449,2009-10-12,392,0.380905,0.0744796,0.0766558
33312449,2009-10-13,544,0.447018,0.0824095,0.046002
33312449,2009-10-14,451,0.382753,0.0902142,0.0271316
33312449,2009-10-15,641,0.463145,0.068868,0.0486007
33312449,2009-10-16,373,0.448408,0.0566426,0.0184767
33312449,2009-10-17,127,0.444772,0.0497049,0.00670424
33312449,2009-10-18,128,0.446312,0.126898,0.0102927
33312449,2009-10-19,928,0.525887,0.0659076,0.0140244
33312449,2009-10-20,633,0.502833,0.0493458,0.0213022
33312449,2009-10-21,1027,0.576493,0.0618607,0.00880435
33312449,2009-10-22,1354,0.596617,0.0670421,0.0129347
33312449,2009-10-23,1268,0.657223,0.106109,0.0776027
33312449,2009-10-24,202,0.596583,0.0967021,0.0356395
33312449,2009-10-25,170,0.547839,0.0633124,0.0245078
33312449,2009-10-26,467,0.48624,0.086078,0.0214195
33312449,2009-10-27,510,0.499292,0.0581214,0.0151185
33312449,2009-10-28,509,0.3884,0.0647133,0.0160024
33312449,2009-10-29,349,0.37884,0.0334108,0.0160825
33312449,2009-10-30,330,0.386928,0.0645362,0.0226292
33312449,2009-10-31,62,0.307363,0.0650955,0.0026393
33312449,2009-11-01,124,0.329608,0.0359285,0.0477281
33312449,2009-11-02,571,0.444384,0.0819847,0.032651
33312449,2009-11-03,439,0.390469,0.0575228,0.0260578
33312449,2009-11-04,823,0.43054,0.0638355,0.0671235
33312449,2009-11-05,564,0.392578,0.0603052,0.0525852
33312449,2009-11-06,376,0.419947,0.063161,0.0227914
33312449,2009-11-07,104,0.409799,0.0802661,0.0
33312449,2009-11-08,52,0.299164,0.0820849,0.0313914
33312449,2009-11-09,486,0.333579,0.0474811,0.0255968
33312449,2009-11-10,367,0.410644,0.0552228,0.0226444
33312449,2009-11-11,611,0.42577,0.0694417,0.0140494
33312449,2009-11-12,604,0.432205,0.0620601,0.0195371
33312449,2009-11-13,355,0.401997,0.0513588,0.0134755
33312449,2009-11-14,53,0.343283,0.043873,0.027296
33312449,2009-11-15,122,0.365142,0.0416376,0.0174769
33312449,2009-11-16,433,0.410642,0.0485733,0.0136899
33312449,2009-11-17,888,0.645634,0.0539366,0.00757155
33312449,2009-11-18,995,0.672848,0.0430634,0.0133049
33312449,2009-11-19,608,0.511444,0.0474839,0.0127478
33312449,2009-11-20,609,0.478076,0.0603812,0.0124603
33312449,2009-11-21,117,0.487052,0.0670678,0.00686384
33312449,2009-11-22,143,0.377578,0.0817633,0.00974454
33312449,2009-11-23,745,0.415046,0.0553002,0.00920813
33312449,2009-11-24,517,0.41172,0.059267,0.02646
33312449,2009-11-25,489,0.399495,0.0441943,0.0330812
33312449,2009-11-26,202,0.43756,0.0625877,0.0506618
33312449,2009-11-27,98,0.339986,0.0432436,0.0601018
33312449,2009-11-28,71,0.473874,0.0776331,0.0414413
33312449,2009-11-29,64,0.305106,0.0435761,0.0140818
33312449,2009-11-30,275,0.333672,0.0440839,0.0159869
33312449,2009-12-01,489,0.38906,0.053096,0.0363448
33312449,2009-12-02,491,0.405672,0.0663924,0.0184506
33312449,2009-12-03,402,0.348511,0.0574797,0.0338104
33312449,2009-12-04,613,0.415675,0.0571063,0.0283614
33312449,2009-12-05,137,0.513772,0.0583891,0.0148536
33312449,2009-12-06,56,0.328478,0.0822221,0.0214286
33312449,2009-12-07,489,0.419702,0.0717384,0.0143119
33312449,2009-12-08,424,0.379794,0.0822655,0.010767
33312449,2009-12-09,349,0.371733,0.0461851,0.00993971
33312449,2009-12-10,664,0.457981,0.0462665,0.00720652
33312449,2009-12-11,513,0.508138,0.105417,0.0135426
33312449,2009-12-12,100,0.419315,0.0968384,0.0196135
33312449,2009-12-13,72,0.297388,0.137371,0.0387073
33312449,2009-12-14,289,0.267764,0.0485913,0.0241788
33312449,2009-12-15,446,0.358375,0.0645139,0.0140524
33312449,2009-12-16,1957,0.61987,0.0908523,0.0120137
33312449,2009-12-17,433,0.551545,0.0617775,0.0105685
33312449,2009-12-18,298,0.392873,0.0899707,0.0179768
33312449,2009-12-19,74,0.390319,0.0658392,0.0277992
33312449,2009-12-20,59,0.339536,0.0865266,0.0153467
33312449,2009-12-21,682,0.537067,0.0667208,0.0272453
33312449,2009-12-22,1133,0.666325,0.0384369,0.0202098
33312449,2009-12-23,806,0.652343,0.0446386,0.0244178
33312449,2009-12-24,156,0.407617,0.0702475,0.0128634
33312449,2009-12-25,40,0.311485,0.0322513,0.00725807
33312449,2009-12-26,54,0.311123,0.0743573,0.010101
33312449,2009-12-27,38,0.266244,0.0838334,0.0284639
33312449,2009-12-28,151,0.305798,0.0432127,0.0238247
33312449,2009-12-29,263,0.359721,0.0812159,0.0101157
33312449,2009-12-30,330,0.40039,0.103477,0.0171541
33312449,2009-12-31,192,0.35121,0.103069,0.046234
33312449,2010-01-01,46,0.283205,0.0783695,0.0723104
33312449,2010-01-02,53,0.273492,0.0597983,0.0309387
33312449,2010-01-03,65,0.290776,0.11498,0.0553217
33312449,2010-01-04,314,0.264537,0.108991,0.0344301
33312449,2010-01-05,402,0.245314,0.0822333,0.00309145
33312449,2010-01-06,584,0.30667,0.0447962,0.0533604
33312449,2010-01-07,1266,0.483749,0.0424189,0.0067201
33312449,2010-01-08,704,0.468073,0.048049,0.0121068
33312449,2010-01-09,223,0.503833,0.0302759,0.0215024
33312449,2010-01-10,107,0.31659,0.0668955,0.00957497
33312449,2010-01-11,448,0.356312,0.0259114,0.0439616
33312449,2010-01-12,485,0.29537,0.0491227,0.00878756
33312449,2010-01-13,829,0.247981,0.0511439,0.0115524
33312449,2010-01-14,665,0.288113,0.0712595,0.0190005
33312449,2010-01-15,868,0.318649,0.0595331,0.0557286
33312449,2010-01-16,212,0.305942,0.0405069,0.0710125
33312449,2010-01-17,197,0.300556,0.0421069,0.0519985
33312449,2010-01-18,417,0.31537,0.0560901,0.0227249
33312449,2010-01-19,894,0.378617,0.053354,0.0441427
33312449,2010-01-20,1235,0.467412,0.0594981,0.0149419
33312449,2010-01-21,1056,0.421586,0.0575816,0.0153814
33312449,2010-01-22,615,0.337989,0.091944,0.0213087
33312449,2010-01-23,97,0.316271,0.12114,0.0204566
33312449,2010-01-24,254,0.503473,0.0595107,0.0192488
33312449,2010-01-25,292,0.266566,0.0748019,0.0251116
33312449,2010-01-26,432,0.283215,0.0672028,0.0123008
33312449,2010-01-27,469,0.285794,0.0653881,0.0318414
33312449,2010-01-28,924,0.438997,0.130199,0.0341203
33312449,2010-01-29,1001,0.446211,0.182539,0.0519221
33312449,2010-01-30,168,0.344163,0.146034,0.00184729
33312449,2010-01-31,98,0.239344,0.12174,0.0996914
33312449,2010-02-01,471,0.298139,0.0844729,0.0245313
33312449,2010-02-02,502,0.329949,0.0689529,0.0397336
33312449,2010-02-03,664,0.381559,0.0704534,0.0221586
33312449,2010-02-04,669,0.288731,0.0537476,0.0187541
33312449,2010-02-05,698,0.35022,0.0734365,0.0202253
33312449,2010-02-06,175,0.321201,0.0483256,0.00698488
33312449,2010-02-07,158,0.292961,0.156273,0.0
33312449,2010-02-08,289,0.286988,0.0387028,0.0247058
33312449,2010-02-09,612,0.277654,0.0645178,0.0148911
33312449,2010-02-10,508,0.293187,0.0714428,0.0220597
33312449,2010-02-11,567,0.329583,0.0606519,0.0172531
33312449,2010-02-12,947,0.45638,0.0659714,0.0179042
33312449,2010-02-13,198,0.403773,0.0532513,0.0093055
33312449,2010-02-14,147,0.334951,0.0891189,0.0411702
33312449,2010-02-15,1134,0.625046,0.0682381,0.0148056
33312449,2010-02-16,715,0.467249,0.0616119,0.0144759
33312449,2010-02-17,758,0.390848,0.0425704,0.0172164
33312449,2010-02-18,1456,0.468075,0.0860075,0.0162657
33312449,2010-02-19,799,0.429624,0.0961754,0.0220488
33312449,2010-02-20,214,0.410151,0.0418419,0.0145227
33312449,2010-02-21,119,0.3457,0.103638,0.0240125
33312449,2010-02-22,475,0.310902,0.075768,0.0226042
33312449,2010-02-23,610,0.260691,0.0550553,0.00947454
33312449,2010-02-24,954,0.250417,0.0471665,0.0132402
33312449,2010-02-25,696,0.302865,0.0592172,0.0423313
33312449,2010-02-26,437,0.294295,0.095965,0.0533453
33312449,2010-02-27,166,0.356798,0.0946888,0.032713
33312449,2010-02-28,148,0.280793,0.0864547,0.0144319
33312449,2010-03-01,606,0.304643,0.06385,0.0213255
33312449,2010-03-02,1060,0.395306,0.043717,0.0114165
33312449,2010-03-03,516,0.39617,0.0764904,0.0154265
33312449,2010-03-04,789,0.383483,0.0539882,0.00685454
33312449,2010-03-05,1408,0.607976,0.0789931,0.00687733
33312449,2010-03-06,185,0.473218,0.0600666,0.00642837
33312449,2010-03-07,117,0.348729,0.0686862,0.0217778
33312449,2010-03-08,644,0.371175,0.0599519,0.0170531
33312449,2010-03-09,642,0.319368,0.0562022,0.0127007
33312449,2010-03-10,581,0.307164,0.078336,0.0214909
33312449,2010-03-11,634,0.382705,0.0675003,0.0102742
33312449,2010-03-12,427,0.299187,0.0451998,0.022019
33312449,2010-03-13,75,0.28288,0.0506498,0.0124281
33312449,2010-03-14,103,0.242178,0.0906684,0.0
33312449,2010-03-15,710,0.424742,0.0431456,0.0120924
33312449,2010-03-16,803,0.430849,0.0447189,0.00882897
33312449,2010-03-17,836,0.469769,0.0636284,0.0124652
33312449,2010-03-18,728,0.411752,0.0534658,0.0160616
33312449,2010-03-19,474,0.358788,0.0600269,0.0103856
33312449,2010-03-20,90,0.359024,0.0939507,0.0046805
33312449,2010-03-21,48,0.218559,0.0302466,0.00480769
33312449,2010-03-22,426,0.252304,0.0635917,0.0324552
33312449,2010-03-23,273,0.201926,0.0583119,0.0178327
33312449,2010-03-24,502,0.248273,0.0684437,0.00854376
33312449,2010-03-25,350,0.267537,0.058366,0.00618503
33312449,2010-03-26,325,0.256454,0.0535311,0.0311067
33312449,2010-03-27,98,0.277273,0.0365653,0.00887268
33312449,2010-03-28,67,0.193748,0.0591581,0.010333
33312449,2010-03-29,482,0.285295,0.0723422,0.0155152
33312449,2010-03-30,430,0.252685,0.0225037,0.0142118
33312449,2010-03-31,640,0.357724,0.0747671,0.0169031
33312449,2010-04-01,655,0.374342,0.0392188,0.0123242
33312449,2010-04-02,460,0.383683,0.0364235,0.0157662
33312449,2010-04-03,52,0.267539,0.0588159,0.010406
33312449,2010-04-04,65,0.264419,0.04145,0.0
33312449,2010-04-05,647,0.391912,0.085824,0.043235
33312449,2010-04-06,647,0.410385,0.0433014,0.0104841
33312449,2010-04-07,425,0.304475,0.0507206,0.0147285
33312449,2010-04-08,424,0.307912,0.0528881,0.00847824
33312449,2010-04-09,431,0.34306,0.0677788,0.0327554
33312449,2010-04-10,90,0.336232,0.0533583,0.0027027
33312449,2010-04-11,108,0.329065,0.0559153,0.0727786
33312449,2010-04-12,1313,0.552022,0.0419007,0.00914209
33312449,2010-04-13,964,0.465151,0.0461009,0.00904284
33312449,2010-04-14,604,0.358001,0.064216,0.00673997
33312449,2010-04-15,563,0.344092,0.0724785,0.0115503
33312449,2010-04-16,600,0.296095,0.0751047,0.0199077
33312449,2010-04-17,85,0.217257,0.0232912,0.0049914
33312449,2010-04-18,112,0.236348,0.0415098,0.015654
33312449,2010-04-19,696,0.213718,0.061313,0.014958
33312449,2010-04-20,855,0.237799,0.0665729,0.014359
33312449,2010-04-21,1545,0.349354,0.0699529,0.014283
33312449,2010-04-22,2020,0.483722,0.147295,0.0330209
33312449,2010-04-23,1617,0.45629,0.132208,0.0430039
33312449,2010-04-24,127,0.285691,0.118592,0.0312338
33312449,2010-04-25,242,0.288252,0.0900071,0.129818
33312449,2010-04-26,653,0.269693,0.0648912,0.0151981
33312449,2010-04-27,471,0.177595,0.0560782,0.0151353
33312449,2010-04-28,1312,0.33345,0.0628172,0.0109855
33312449,2010-04-29,994,0.302383,0.0759214,0.0137783
33312449,2010-04-30,670,0.360846,0.0509658,0.0181172
33312449,2010-05-01,95,0.271044,0.0381899,0.00952381
33312449,2010-05-02,90,0.219249,0.0698034,0.00212766
33312449,2010-05-03,548,0.263263,0.0700984,0.0179225
33312449,2010-05-04,598,0.371973,0.0611107,0.0334836
33312449,2010-05-05,1050,0.417385,0.0499443,0.0102613
33312449,2010-05-06,678,0.381151,0.0476685,0.0236287
33312449,2010-05-07,440,0.362831,0.0681662,0.0145317
33312449,2010-05-08,83,0.264325,0.0419237,0.0127569
33312449,2010-05-09,72,0.241355,0.0430015,0.0168364
33312449,2010-05-10,391,0.260674,0.0671521,0.0126183
33312449,2010-05-11,873,0.424109,0.0526913,0.0199028
33312449,2010-05-12,1296,0.526652,0.071538,0.00848315
33312449,2010-05-13,746,0.471403,0.0376969,0.00882793
33312449,2010-05-14,542,0.34812,0.0686034,0.019611
33312449,2010-05-15,105,0.246791,0.0241628,0.00282553
33312449,2010-05-16,123,0.257656,0.0934569,0.0277771
33312449,2010-05-17,501,0.281804,0.0523086,0.0103009
33312449,2010-05-18,824,0.331353,0.0732667,0.017441
33312449,2010-05-19,1066,0.433154,0.0731569,0.016022
33312449,2010-05-20,585,0.321092,0.0512361,0.0108043
33312449,2010-05-21,508,0.238478,0.0583947,0.00681791
33312449,2010-05-22,74,0.230503,0.0775001,0.0019938
33312449,2010-05-23,95,0.212806,0.101689,0.0092399
33312449,2010-05-24,474,0.284701,0.0867322,0.0257136
33312449,2010-05-25,1480,0.534189,0.0927974,0.0249016
33312449,2010-05-26,1283,0.536389,0.0741144,0.0540341
33312449,2010-05-27,2355,0.714701,0.0876902,0.0337507
33312449,2010-05-28,696,0.49924,0.0687053,0.0137658
33312449,2010-05-29,123,0.379363,0.0504496,0.00496599
33312449,2010-05-30,103,0.319021,0.0793771,0.0578796
33312449,2010-05-31,236,0.284014,0.0860306,0.0140014
33312449,2010-06-01,635,0.316036,0.090976,0.0235609
33312449,2010-06-02,775,0.332969,0.0698408,0.0112465
33312449,2010-06-03,1026,0.531149,0.0566963,0.0186099
33312449,2010-06-04,616,0.401326,0.072978,0.0324744
33312449,2010-06-05,102,0.353863,0.0724255,0.073325
33312449,2010-06-06,163,0.367867,0.0598464,0.02432
33312449,2010-06-07,698,0.375715,0.0567192,0.0156341
33312449,2010-06-08,1169,0.533614,0.0595062,0.0466129
33312449,2010-06-09,825,0.466159,0.0591333,0.0285549
33312449,2010-06-10,718,0.392114,0.0685638,0.0251256
33312449,2010-06-11,581,0.360267,0.0620381,0.0110657
33312449,2010-06-12,122,0.362233,0.0592093,0.010661
33312449,2010-06-13,107,0.25052,0.0288616,0.0270854
33312449,2010-06-14,2187,0.588666,0.030987,0.0123931
33312449,2010-06-15,1572,0.604364,0.0503064,0.0133832
33312449,2010-06-16,1642,0.587693,0.0411399,0.011258
33312449,2010-06-17,685,0.434442,0.0550872,0.0123101
33312449,2010-06-18,581,0.452701,0.0584407,0.0193145
33312449,2010-06-19,78,0.250958,0.0692241,0.00678733
33312449,2010-06-20,90,0.25572,0.0314024,0.00746461
33312449,2010-06-21,200,0.263898,0.0493038,0.0272072
33312449,2010-06-22,582,0.394245,0.0385743,0.0187237
33312449,2010-06-23,1190,0.553084,0.034548,0.00635459
33312449,2010-06-24,318,0.501036,0.0733532,0.0114585
33312449,2010-06-25,378,0.502315,0.0320061,0.0064434
33312449,2010-06-26,84,0.443296,0.0590837,0.0120277
33312449,2010-06-27,27,0.246743,0.111491,0.0
33312449,2010-06-28,341,0.382996,0.0861721,0.0174163
33312449,2010-06-29,352,0.300455,0.0588354,0.012379
33312449,2010-06-30,990,0.42568,0.0458768,0.0152197
33312449,2010-07-01,1169,0.455385,0.0629607,0.0131119
33312449,2010-07-02,698,0.401666,0.0780539,0.00998478
33312449,2010-07-03,311,0.382402,0.0299264,0.00335908
33312449,2010-07-04,65,0.255658,0.0816541,0.0270629
33312449,2010-07-05,378,0.317777,0.0663828,0.00758048
33312449,2010-07-06,821,0.362579,0.0493669,0.0281122
33312449,2010-07-07,1028,0.462054,0.044499,0.0543849
33312449,2010-07-08,1409,0.534555,0.0488873,0.0193914
33312449,2010-07-09,869,0.326622,0.0608733,0.0179517
33312449,2010-07-10,106,0.303569,0.0526248,0.00961071
33312449,2010-07-11,69,0.198231,0.131145,0.027353
33312449,2010-07-12,1954,0.583597,0.0557807,0.00647051
33312449,2010-07-13,2208,0.633387,0.0452066,0.00842729
33312449,2010-07-14,1639,0.530745,0.0538752,0.0112597
33312449,2010-07-15,2437,0.608025,0.0254817,0.00379179
33312449,2010-07-16,870,0.373194,0.0630263,0.0141085
33312449,2010-07-17,172,0.34494,0.0289332,0.010669
33312449,2010-07-18,173,0.257507,0.053255,0.0234493
33312449,2010-07-19,1526,0.5188,0.0499884,0.0105797
33312449,2010-07-20,1305,0.445774,0.041169,0.0128772
33312449,2010-07-21,1356,0.464816,0.0573782,0.00852029
33312449,2010-07-22,2844,0.651078,0.134683,0.0230821
33312449,2010-07-23,1798,0.635549,0.140825,0.0147247
33312449,2010-07-24,269,0.463192,0.0837501,0.0211205
33312449,2010-07-25,285,0.358014,0.0931974,0.0305122
33312449,2010-07-26,749,0.307134,0.0712615,0.0156201
33312449,2010-07-27,1246,0.332679,0.0681335,0.0157996
33312449,2010-07-28,1016,0.392631,0.0821908,0.0140163
33312449,2010-07-29,1494,0.459165,0.105689,0.0156208
33312449,2010-07-30,1045,0.431978,0.0895366,0.0107505
33312449,2010-07-31,192,0.339023,0.0244404,0.0191183
33312449,2010-08-01,137,0.285635,0.0657213,0.0111968
33312449,2010-08-02,1518,0.578503,0.0405665,0.0119406
33312449,2010-08-03,920,0.46504,0.0427646,0.0138341
33312449,2010-08-04,912,0.374604,0.0524459,0.00950534
33312449,2010-08-05,1195,0.369835,0.0507281,0.00817341
33312449,2010-08-06,486,0.312385,0.0631731,0.01203
33312449,2010-08-07,152,0.344082,0.0650849,0.00373347
33312449,2010-08-08,124,0.257529,0.0628001,0.0222558
33312449,2010-08-09,628,0.343593,0.0616455,0.00913433
33312449,2010-08-10,970,0.395464,0.0506159,0.00861541
33312449,2010-08-11,1543,0.324324,0.0309055,0.00922503
33312449,2010-08-12,4676,0.577257,0.00660447,0.00167053
33312449,2010-08-13,713,0.377889,0.0290106,0.0164251
33312449,2010-08-14,104,0.30338,0.0893218,0.0651813
33312449,2010-08-15,117,0.287529,0.114576,0.0136502
33312449,2010-08-16,468,0.317431,0.0607482,0.0254634
33312449,2010-08-17,1295,0.526746,0.0604753,0.011887
33312449,2010-08-18,668,0.338039,0.0579285,0.00411861
33312449,2010-08-19,520,0.258138,0.117626,0.0139502
33312449,2010-08-20,365,0.226101,0.0389397,0.00112138
33312449,2010-08-21,133,0.269699,0.0145261,0.0
33312449,2010-08-22,67,0.218613,0.076866,0.00910701
33312449,2010-08-23,583,0.300743,0.0569729,0.0237716
33312449,2010-08-24,1250,0.516191,0.0694492,0.0120648
33312449,2010-08-25,922,0.471624,0.0421634,0.0154684
33312449,2010-08-26,460,0.409623,0.0492548,0.00633452
33312449,2010-08-27,1154,0.422248,0.0704003,0.0138515
33312449,2010-08-28,562,0.527087,0.0442586,0.0124378
33312449,2010-08-29,114,0.356419,0.0668944,0.00700683
33312449,2010-08-30,1018,0.362599,0.0554623,0.00872335
33312449,2010-08-31,1973,0.552955,0.0262095,0.00702881
33312449,2010-09-01,1263,0.491754,0.0597555,0.0206903
33312449,2010-09-02,1561,0.502946,0.0765383,0.0476171
33312449,2010-09-03,301,0.461208,0.0621204,0.0264835
33312449,2010-09-04,180,0.436384,0.0408483,0.000746269
33312449,2010-09-05,102,0.321213,0.0376667,0.0
33312449,2010-09-06,235,0.312961,0.0640134,0.0046149
33312449,2010-09-07,1651,0.417271,0.0721493,0.0270979
33312449,2010-09-08,1099,0.367266,0.0742018,0.0152129
33312449,2010-09-09,1003,0.376861,0.0736133,0.0204568
33312449,2010-09-10,2080,0.517715,0.0606385,0.0186443
33312449,2010-09-11,4730,0.75627,0.00840473,0.00312249
33312449,2010-09-12,417,0.559438,0.0530594,0.0216948
33312449,2010-09-13,2757,0.527721,0.0340526,0.0126794
33312449,2010-09-14,2225,0.574355,0.0672659,0.0379931
33312449,2010-09-15,2043,0.674059,0.0510746,0.0192251
33312449,2010-09-16,7388,0.817053,0.0188656,0.0040375
33312449,2010-09-17,8051,0.855701,0.00819323,0.00221566
33312449,2010-09-18,287,0.458279,0.0653875,0.00464115
33312449,2010-09-19,275,0.265453,0.0532609,0.00941296
33312449,2010-09-20,917,0.224836,0.0582065,0.0148664
33312449,2010-09-21,1330,0.358874,0.0725718,0.0143103
33312449,2010-09-22,1586,0.513996,0.0992193,0.0435584
33312449,2010-09-23,1291,0.457981,0.0835697,0.0433467
33312449,2010-09-24,1041,0.448247,0.0486488,0.0116373
33312449,2010-09-25,295,0.371784,0.0632553,0.0116386
33312449,2010-09-26,338,0.353541,0.0930115,0.0537076
33312449,2010-09-27,1180,0.357853,0.0899988,0.0341829
33312449,2010-09-28,1345,0.43338,0.0683054,0.0201364
33312449,2010-09-29,1022,0.45793,0.0700977,0.00886664
33312449,2010-09-30,1286,0.453273,0.0826402,0.00621232
33312449,2010-10-01,2511,0.566053,0.0945848,0.0260959
33312449,2010-10-02,765,0.515775,0.145089,0.0164562
33312449,2010-10-03,228,0.0,0.104781,0.0151591
33312449,2010-10-04,1889,0.409358,0.054527,0.0296547
33312449,2010-10-05,1798,0.36316,0.109605,0.017021
33312449,2010-10-06,2243,0.410894,0.106737,0.00692947
33312449,2010-10-07,1869,0.511761,0.114167,0.0292191
33312449,2010-10-08,1690,0.538955,0.116574,0.0135105
33312449,2010-10-09,294,0.440988,0.0338522,0.00532008
33312449,2010-10-10,574,0.470838,0.159434,0.0253578
33312449,2010-10-11,4444,0.680817,0.148798,0.0144083
33312449,2010-10-12,2862,0.656852,0.0934336,0.0301912
33312449,2010-10-13,2478,0.607106,0.103087,0.0075941
33312449,2010-10-14,2605,0.570469,0.0696338,0.0130767
33312449,2010-10-15,965,0.410139,0.092142,0.0199989
33312449,2010-10-16,1052,0.598753,0.0482453,0.00228749
33312449,2010-10-17,413,0.430851,0.19204,0.0385898
33312449,2010-10-18,1937,0.433902,0.0438264,0.0244989
33312449,2010-10-19,2421,0.528539,0.0539867,0.0339326
33312449,2010-10-20,4107,0.582764,0.0548581,0.00859056
33312449,2010-10-21,1561,0.509151,0.076119,0.0493997
33312449,2010-10-22,1275,0.456733,0.0739468,0.00832006
33312449,2010-10-23,192,0.354524,0.159679,0.00360577
33312449,2010-10-24,359,0.43454,0.160893,0.00887277
33312449,2010-10-25,1459,0.497531,0.0676389,0.0185956
33312449,2010-10-26,1739,0.490314,0.102461,0.0191205
33312449,2010-10-27,1686,0.512844,0.306673,0.00244317
33312449,2010-10-28,2603,0.595538,0.110663,0.0128676
33312449,2010-10-29,2243,0.538347,0.1392,0.027076
33312449,2010-10-30,367,0.480307,0.0611604,0.00392371
33312449,2010-10-31,291,0.38267,0.112624,0.00899783
33312449,2010-11-01,698,0.387737,0.0780302,0.0113986
33312449,2010-11-02,1698,0.41877,0.0691494,0.0296903
33312449,2010-11-03,1956,0.0860814,0.106832,0.0237059
33312449,2010-11-04,2365,0.465784,0.0849655,0.0119086
33312449,2010-11-05,956,0.536501,0.0914174,0.00540583
33312449,2010-11-06,1301,0.704189,0.114355,0.0221967
33312449,2010-11-07,1196,0.554829,0.0580254,0.00802533
33312449,2010-11-08,2089,0.366621,0.0679464,0.0230978
33312449,2010-11-09,3862,0.410437,0.0825832,0.00745344
33312449,2010-11-10,8777,0.544141,0.0223577,0.0042256
33312449,2010-11-11,3925,0.461024,0.0799253,0.0070261
33312449,2010-11-12,2886,0.352688,0.0650992,0.0447255
33312449,2010-11-13,177,0.0,0.0244068,0.0
33312449,2010-11-14,1225,0.213295,0.0102631,0.00156789
33312449,2010-11-15,1860,0.234859,0.0513027,0.00569878
33312449,2010-11-16,1973,0.304275,0.0559402,0.00844866
33312449,2010-11-17,2473,0.404796,0.0456211,0.0400235
33312449,2010-11-18,2646,0.365219,0.038916,0.00526669
33312449,2010-11-19,1692,0.297323,0.0508417,0.00668609
33312449,2010-11-20,1151,0.234842,0.0172505,0.00490989

results for entityId: 33334336: Entity,Day,Count,Momentum,Positive,Negative
33334336,2009-01-02,1,0.0153928,0.209302,0.0
33334336,2009-01-04,3,0.0994263,0.0,0.0
33334336,2009-01-05,5,0.0198225,0.180952,0.0
33334336,2009-01-06,2,0.0184317,0.0,0.0
33334336,2009-01-07,1,0.00955098,0.0,0.0
33334336,2009-01-08,3,0.0162612,0.0,0.0
33334336,2009-01-09,4,0.0106783,0.0,0.054878
33334336,2009-01-12,1,0.00967343,0.0,0.0
33334336,2009-01-13,4,0.03447,0.0,0.0
33334336,2009-01-14,7,0.0169951,0.0,0.0829493
33334336,2009-01-15,4,0.0109381,0.132353,0.0
33334336,2009-01-16,2,0.0129487,0.0,0.166667
33334336,2009-01-17,1,0.0110696,0.0,0.0
33334336,2009-01-19,3,0.0120765,0.0,0.103448
33334336,2009-01-20,5,0.0124179,0.0,0.0
33334336,2009-01-21,6,0.0162548,0.171247,0.0
33334336,2009-01-22,3,0.0112326,0.26087,0.0
33334336,2009-01-23,3,0.00884297,0.0,0.0
33334336,2009-01-24,3,0.0173148,0.0,0.0
33334336,2009-01-25,1,0.0343946,0.0,0.0
33334336,2009-01-26,2,0.0133101,0.0,0.145161
33334336,2009-01-27,2,0.0271256,0.0,0.0
33334336,2009-01-28,7,0.035654,0.0313589,0.128852
33334336,2009-01-29,67,0.0908465,0.0749819,0.199565
33334336,2009-01-30,4,0.0283757,0.22549,0.0
33334336,2009-01-31,2,0.0330936,0.0,0.0
33334336,2009-02-02,18,0.0320393,0.0666667,0.0523809
33334336,2009-02-03,9,0.0238372,0.0,0.0571429
33334336,2009-02-04,9,0.026004,0.194462,0.182881
33334336,2009-02-05,4,0.020244,0.0,0.547297
33334336,2009-02-06,6,0.0299888,0.0,0.0
33334336,2009-02-07,10,0.0679918,0.409091,0.0
33334336,2009-02-08,4,0.0890154,0.0,0.0
33334336,2009-02-09,4,0.0202786,0.0681818,0.0
33334336,2009-02-10,4,0.0173864,0.0,0.0
33334336,2009-02-11,3,0.0147754,0.0,0.0
33334336,2009-02-12,28,0.0753866,0.17659,0.0975858
33334336,2009-02-13,1,0.012583,0.0,0.0
33334336,2009-02-17,11,0.0187606,0.0545455,0.0
33334336,2009-02-18,6,0.0436792,0.0,0.115385
33334336,2009-02-19,2,0.0213449,0.0,0.0
33334336,2009-02-20,6,0.0420933,0.0940171,0.0
33334336,2009-02-21,1,0.0346887,0.0,0.0
33334336,2009-02-23,16,0.0259282,0.05,0.0
33334336,2009-02-24,1,0.0112491,0.0,0.0
33334336,2009-02-25,4,0.0113979,0.0,0.0
33334336,2009-02-26,11,0.0275665,0.133304,0.121561
33334336,2009-02-27,3,0.0312837,0.169014,0.0
33334336,2009-03-02,1,0.0133337,0.911111,0.0
33334336,2009-03-03,2,0.0115567,0.0,0.0
33334336,2009-03-04,2,0.0268345,0.0,0.0
33334336,2009-03-06,3,0.057549,0.0,0.0
33334336,2009-03-07,1,0.0474307,0.0,0.6
33334336,2009-03-09,14,0.0346802,0.157301,0.0
33334336,2009-03-11,3,0.0128448,0.230769,0.0
33334336,2009-03-12,1,0.0116116,0.0,0.0
33334336,2009-03-13,6,0.0237868,0.269858,0.0
33334336,2009-03-16,17,0.02937,0.0134028,0.0413793
33334336,2009-03-17,1,0.0103367,0.0,0.901235
33334336,2009-03-18,10,0.0168883,0.0529412,0.229573
33334336,2009-03-19,17,0.0345322,0.13384,0.0225282
33334336,2009-03-20,2,0.0141109,0.0,0.0
33334336,2009-03-21,1,0.00997916,0.692308,0.692308
33334336,2009-03-22,2,0.0281964,0.0,0.230769
33334336,2009-03-23,1,0.00932504,0.0,0.0
33334336,2009-03-24,15,0.0691787,0.0206897,0.0206897
33334336,2009-03-25,28,0.0371896,0.0601507,0.0949284
33334336,2009-03-26,53,0.0485869,0.122471,0.0793759
33334336,2009-03-27,12,0.0727685,0.0636932,0.03
33334336,2009-03-29,6,0.0594137,0.0,0.0
33334336,2009-03-30,3,0.00954198,0.0,0.0
33334336,2009-03-31,11,0.0274899,0.0,0.214089
33334336,2009-04-01,33,0.0331145,0.0,0.080204
33334336,2009-04-02,1,0.0218609,0.191489,0.0
33334336,2009-04-03,1,0.0193405,0.0,0.0
33334336,2009-04-04,1,0.0141731,0.0,0.0
33334336,2009-04-05,2,0.0560417,0.121622,0.0
33334336,2009-04-07,2,0.0258091,0.0,0.0
33334336,2009-04-08,1,0.0118844,0.290323,0.0
33334336,2009-04-09,25,0.0357471,0.127483,0.123029
33334336,2009-04-10,5,0.037142,0.307636,0.0
33334336,2009-04-13,5,0.0266099,0.0898396,0.0
33334336,2009-04-14,6,0.0138029,0.136364,0.0
33334336,2009-04-15,14,0.0424203,0.0758161,0.0
33334336,2009-04-16,2,0.0142576,0.0,0.0
33334336,2009-04-17,6,0.0128245,0.136364,0.230769
33334336,2009-04-18,1,0.0307846,0.0,0.0
33334336,2009-04-19,3,0.0345573,0.0,0.0
33334336,2009-04-20,13,0.0263059,0.179154,0.173642
33334336,2009-04-21,4,0.0216975,0.155172,0.0
33334336,2009-04-22,6,0.0621467,0.0384615,0.0
33334336,2009-04-23,5,0.017563,0.0,0.12
33334336,2009-04-24,56,0.075144,0.0670433,0.154505
33334336,2009-04-25,18,0.0418746,0.0,0.0454545
33334336,2009-04-26,1,0.025177,0.0,0.0
33334336,2009-04-27,12,0.0180181,0.102839,0.0223155
33334336,2009-04-28,10,0.0226539,0.0,0.0473684
33334336,2009-04-29,12,0.0343436,0.0306122,0.0653061
33334336,2009-04-30,2,0.0131852,0.0,0.0
33334336,2009-05-01,6,0.0124951,0.115385,0.0789474
33334336,2009-05-03,1,0.0285368,0.0,0.0
33334336,2009-05-05,9,0.0103324,0.0,0.047619
33334336,2009-05-06,10,0.0214281,0.0,0.45717
33334336,2009-05-07,5,0.0254467,0.0,0.0
33334336,2009-05-08,14,0.0436473,0.11103,0.11103
33334336,2009-05-09,2,0.0665582,0.0692308,0.0692308
33334336,2009-05-10,4,0.0437406,0.0424528,0.0424528
33334336,2009-05-11,2,0.0489126,0.0,0.0
33334336,2009-05-12,5,0.0122393,0.0,0.163636
33334336,2009-05-13,21,0.0576585,0.0430839,0.0413755
33334336,2009-05-14,5,0.0149403,0.0,0.0
33334336,2009-05-15,5,0.0314227,0.0,0.0
33334336,2009-05-18,5,0.0120664,0.0,0.0
33334336,2009-05-19,6,0.0186536,0.0140187,0.164224
33334336,2009-05-20,7,0.0299968,0.395481,0.0
33334336,2009-05-21,5,0.0156508,0.0,0.0493151
33334336,2009-05-22,15,0.0190122,0.0,0.024
33334336,2009-05-23,2,0.0373152,0.0,0.0
33334336,2009-05-25,5,0.0354375,0.0,0.0
33334336,2009-05-26,5,0.0141544,0.0666667,0.0
33334336,2009-05-27,2,0.0122814,0.0,0.236842
33334336,2009-05-28,3,0.0125281,0.0,0.301587
33334336,2009-05-30,2,0.0181792,0.0,0.0
33334336,2009-06-01,1,0.0116975,0.0,0.0
33334336,2009-06-02,7,0.0165746,0.0,0.0
33334336,2009-06-03,3,0.0122908,0.461538,0.0
33334336,2009-06-04,6,0.025319,0.272496,0.193548
33334336,2009-06-05,6,0.0148781,0.0789474,0.0
33334336,2009-06-06,3,0.0223835,0.0,0.0
33334336,2009-06-08,8,0.0094825,0.0,0.0
33334336,2009-06-09,11,0.0174674,0.14876,0.0282132
33334336,2009-06-10,14,0.0215761,0.310072,0.0
33334336,2009-06-11,7,0.0163585,0.0989011,0.0
33334336,2009-06-12,14,0.0414803,0.0524141,0.0367347
33334336,2009-06-14,1,0.0292673,0.0,0.0
33334336,2009-06-15,11,0.0454079,0.0355731,0.116883
33334336,2009-06-16,25,0.0637845,0.150509,0.103148
33334336,2009-06-17,8,0.0201395,0.177957,0.0441176
33334336,2009-06-18,1,0.00900948,0.0,0.0
33334336,2009-06-19,4,0.0137513,0.09,0.0
33334336,2009-06-20,1,0.0128085,0.0,0.0
33334336,2009-06-22,3,0.00798222,0.0,0.0
33334336,2009-06-23,12,0.00923591,0.0905888,0.0306123
33334336,2009-06-24,5,0.00792311,0.0,0.0
33334336,2009-06-25,1,0.00728899,0.0,0.0
33334336,2009-06-26,6,0.0160266,0.0,0.0
33334336,2009-06-27,3,0.0408557,0.0967742,0.700763
33334336,2009-06-28,2,0.0324376,0.0,0.0
33334336,2009-06-29,7,0.0089381,0.140764,0.012016
33334336,2009-06-30,14,0.0222289,0.0766917,0.0
33334336,2009-07-01,8,0.0112405,0.0725807,0.0
33334336,2009-07-02,7,0.0186172,0.128748,0.223602
33334336,2009-07-03,1,0.00924454,0.0,0.818182
33334336,2009-07-05,2,0.0286923,0.0,0.0
33334336,2009-07-06,8,0.00617961,0.3172,0.0321429
33334336,2009-07-07,13,0.00959107,0.00261248,0.0423649
33334336,2009-07-08,1,0.0123925,0.0,0.0
33334336,2009-07-09,6,0.0171654,0.0272727,0.0
33334336,2009-07-10,9,0.0100904,0.030303,0.0
33334336,2009-07-11,2,0.0105921,0.0,0.0
33334336,2009-07-12,7,0.0395633,0.0,0.0
33334336,2009-07-13,1,0.0105683,0.0,0.0
33334336,2009-07-14,1,0.013173,0.0,0.0
33334336,2009-07-16,5,0.00787554,0.0,0.0
33334336,2009-07-17,11,0.011702,0.020979,0.0
33334336,2009-07-18,7,0.11118,0.0514286,0.0
33334336,2009-07-19,2,0.0430852,0.0,0.0
33334336,2009-07-20,1,0.0100213,0.428571,0.0
33334336,2009-07-22,2,0.00563208,0.0,0.0
33334336,2009-07-23,121,0.0712986,0.0501985,0.0492506
33334336,2009-07-24,27,0.0363217,0.186619,0.00900901
33334336,2009-07-25,5,0.0579518,0.0,0.0
33334336,2009-07-26,2,0.0264557,0.0,0.0
33334336,2009-07-27,4,0.0104032,0.0,0.0
33334336,2009-07-28,6,0.0308378,0.0,0.0
33334336,2009-07-29,4,0.0143376,0.0725807,0.452381
33334336,2009-07-30,8,0.0195042,0.0,0.306818
33334336,2009-07-31,11,0.0279042,0.0,0.102674
33334336,2009-08-03,12,0.0220356,0.0,0.0517241
33334336,2009-08-04,8,0.0175383,0.0,0.102273
33334336,2009-08-05,3,0.0117556,0.157895,0.130435
33334336,2009-08-06,9,0.0151468,0.0,0.100137
33334336,2009-08-07,6,0.0190034,0.251652,0.217445
33334336,2009-08-09,1,0.0235824,0.0,0.0
33334336,2009-08-10,18,0.0559006,0.0,0.0
33334336,2009-08-11,4,0.0167634,0.128571,0.0
33334336,2009-08-12,3,0.0100871,0.0,0.0
33334336,2009-08-13,2,0.00694539,0.195652,0.0
33334336,2009-08-14,5,0.0126003,0.0,0.205714
33334336,2009-08-16,2,0.0474091,0.0,0.0
33334336,2009-08-17,6,0.0107784,0.136364,0.230769
33334336,2009-08-18,8,0.00800505,0.157654,0.112654
33334336,2009-08-19,11,0.0123447,0.233516,0.0
33334336,2009-08-20,6,0.0165188,0.0555555,0.0
33334336,2009-08-21,4,0.0181367,0.121622,0.0
33334336,2009-08-23,1,0.0129045,0.529412,0.0
33334336,2009-08-25,3,0.0252187,0.0,0.0
33334336,2009-08-26,27,0.0400832,0.155002,0.0
33334336,2009-08-27,49,0.114839,0.0164652,0.0529682
33334336,2009-08-28,12,0.0318316,0.0,0.0
33334336,2009-08-29,4,0.0572206,0.0,0.0
33334336,2009-08-30,6,0.0306223,0.0,0.0
33334336,2009-08-31,10,0.0154593,0.0923077,0.0461538
33334336,2009-09-01,10,0.0173805,0.0473684,0.0
33334336,2009-09-02,5,0.012742,0.163636,0.0
33334336,2009-09-03,8,0.0215819,0.0,0.0
33334336,2009-09-04,2,0.00909505,0.0,0.0
33334336,2009-09-05,3,0.0380648,0.0,0.0
33334336,2009-09-06,17,0.077988,0.2066,0.0
33334336,2009-09-08,13,0.0127184,0.0985104,0.0
33334336,2009-09-09,13,0.0142065,0.113202,0.0
33334336,2009-09-10,20,0.0121712,0.0364706,0.0
33334336,2009-09-11,14,0.0164377,0.0238095,0.0
33334336,2009-09-12,2,0.0244303,0.191489,0.0
33334336,2009-09-13,3,0.0243664,0.0,0.0
33334336,2009-09-14,1,0.00749921,0.0,0.0
33334336,2009-09-15,3,0.00743996,0.300412,0.0
33334336,2009-09-17,27,0.022454,0.0712636,0.138206
33334336,2009-09-18,4,0.00949881,0.0,0.0
33334336,2009-09-21,3,0.00785054,0.0,0.0
33334336,2009-09-22,16,0.0396032,0.0421708,0.0
33334336,2009-09-23,19,0.0250642,0.0344498,0.127743
33334336,2009-09-24,9,0.0151761,0.317056,0.037037
33334336,2009-09-25,3,0.01652,0.0,0.0
33334336,2009-09-28,12,0.0173106,0.309764,0.0
33334336,2009-09-29,12,0.0222649,0.0810811,0.0388704
33334336,2009-09-30,10,0.0148104,0.0818182,0.0
33334336,2009-10-01,9,0.016942,0.0,0.0
33334336,2009-10-02,9,0.0248011,0.123315,0.0
33334336,2009-10-03,2,0.0384947,0.0,0.0
33334336,2009-10-04,1,0.0184925,0.0,0.0
33334336,2009-10-05,9,0.0139937,0.100137,0.0
33334336,2009-10-06,12,0.0222446,0.109664,0.0
33334336,2009-10-07,27,0.0357947,0.0909049,0.0
33334336,2009-10-08,5,0.0307831,0.0,0.0
33334336,2009-10-09,7,0.0227131,0.0,0.0
33334336,2009-10-11,4,0.0230073,0.0,0.0
33334336,2009-10-12,3,0.0127805,0.0,0.171429
33334336,2009-10-13,6,0.0103296,0.136364,0.0
33334336,2009-10-14,3,0.00872322,0.0,0.0
33334336,2009-10-15,3,0.0108322,0.0697674,0.300412
33334336,2009-10-16,29,0.0481208,0.0601386,0.0182556
33334336,2009-10-18,3,0.0193682,0.0,0.0
33334336,2009-10-19,10,0.0143146,0.105882,0.0
33334336,2009-10-20,16,0.0219408,0.12299,0.0657692
33334336,2009-10-21,6,0.0185126,0.150794,0.136364
33334336,2009-10-22,139,0.0638373,0.121811,0.143876
33334336,2009-10-23,83,0.143751,0.207833,0.0420216
33334336,2009-10-24,10,0.205873,0.180392,0.0
33334336,2009-10-25,1,0.0190264,0.6,0.0
33334336,2009-10-26,18,0.0481373,0.023569,0.0
33334336,2009-10-27,18,0.0259103,0.0,0.229416
33334336,2009-10-28,22,0.0190875,0.0971392,0.0755958
33334336,2009-10-29,14,0.0179656,0.104387,0.0
33334336,2009-10-30,7,0.01548,0.0,0.0
33334336,2009-10-31,2,0.0181135,0.0,0.0
33334336,2009-11-01,12,0.0373222,0.0,0.0
33334336,2009-11-02,8,0.0177208,0.0,0.259615
33334336,2009-11-03,19,0.0157625,0.063568,0.131304
33334336,2009-11-04,30,0.0240972,0.0868447,0.0
33334336,2009-11-05,5,0.0128005,0.152993,0.0
33334336,2009-11-06,19,0.0350386,0.0861244,0.0
33334336,2009-11-08,7,0.0371981,0.0989011,0.0
33334336,2009-11-09,9,0.0117162,0.0740741,0.0
33334336,2009-11-10,9,0.0476019,0.0,0.0
33334336,2009-11-11,24,0.0182152,0.37754,0.0
33334336,2009-11-12,24,0.0250205,0.269399,0.0384615
33334336,2009-11-13,20,0.0484679,0.101647,0.0136364
33334336,2009-11-14,2,0.047351,0.0,0.0
33334336,2009-11-15,2,0.0246401,0.818182,0.0
33334336,2009-11-16,5,0.0113036,0.0,0.0
33334336,2009-11-17,20,0.0260639,0.0767626,0.0
33334336,2009-11-18,10,0.0260458,0.0310345,0.0230769
33334336,2009-11-19,6,0.0119955,0.0,0.103448
33334336,2009-11-20,22,0.0215688,0.0518651,0.0297521
33334336,2009-11-21,1,0.0422635,0.0,0.0
33334336,2009-11-23,6,0.00795912,0.0151515,0.0
33334336,2009-11-24,19,0.0300563,0.395951,0.0
33334336,2009-11-25,11,0.0148977,0.0743802,0.0
33334336,2009-11-26,1,0.0243332,0.0,0.0
33334336,2009-11-28,3,0.0422854,0.0,0.0
33334336,2009-11-29,1,0.0192613,0.0,0.0
33334336,2009-11-30,9,0.0196554,0.100137,0.0588235
33334336,2009-12-01,1,0.0085031,0.0,0.0
33334336,2009-12-02,7,0.0129537,0.0,0.0
33334336,2009-12-03,3,0.00705973,0.0,0.0967742
33334336,2009-12-04,27,0.0216879,0.641975,0.0
33334336,2009-12-05,1,0.0221569,0.0,0.0
33334336,2009-12-07,13,0.0113118,0.025641,0.0
33334336,2009-12-08,226,0.174188,0.0554307,0.148921
33334336,2009-12-09,105,0.097909,0.236587,0.0397114
33334336,2009-12-10,16,0.0454016,0.244939,0.159581
33334336,2009-12-11,37,0.0847924,0.35604,0.0143084
33334336,2009-12-12,3,0.0416045,0.0,0.0
33334336,2009-12-14,22,0.0170351,0.185108,0.0
33334336,2009-12-15,15,0.020737,0.228772,0.0
33334336,2009-12-16,13,0.0291283,0.331292,0.120401
33334336,2009-12-17,11,0.0286392,0.026393,0.0
33334336,2009-12-18,6,0.0143791,0.0,0.0
33334336,2009-12-19,1,0.0101828,0.0,0.0
33334336,2009-12-20,1,0.0150005,0.0,0.0
33334336,2009-12-21,8,0.0242255,0.0,0.0
33334336,2009-12-22,13,0.0193512,0.0719425,0.0
33334336,2009-12-23,30,0.0244326,0.0461538,0.0
33334336,2009-12-24,6,0.0351259,0.15197,0.0365854
33334336,2009-12-26,2,0.0137211,0.0,0.0
33334336,2009-12-28,8,0.0192853,0.0588461,0.0
33334336,2009-12-29,26,0.0632688,0.0150502,0.0
33334336,2009-12-30,8,0.0240906,0.0,0.0
33334336,2009-12-31,3,0.0128574,0.0,0.230769
33334336,2010-01-01,2,0.012033,0.0,0.0
33334336,2010-01-03,6,0.0241754,0.0,0.0
33334336,2010-01-04,8,0.0128737,0.0,0.0
33334336,2010-01-05,24,0.0173414,0.0904762,0.0
33334336,2010-01-06,96,0.0445801,0.0375693,0.0170455
33334336,2010-01-07,20,0.0239671,0.0183674,0.0
33334336,2010-01-08,22,0.0202364,0.208445,0.0
33334336,2010-01-10,11,0.0461571,0.111688,0.0
33334336,2010-01-11,9,0.0217367,0.0,0.113208
33334336,2010-01-12,13,0.0151743,0.0,0.0762622
33334336,2010-01-13,5,0.00583304,0.12,0.0
33334336,2010-01-14,47,0.0431845,0.176338,0.244813
33334336,2010-01-15,13,0.0170997,0.207223,0.0
33334336,2010-01-17,1,0.0113096,0.0,0.0
33334336,2010-01-18,3,0.0124566,0.0,0.301587
33334336,2010-01-19,15,0.00959145,0.0888889,0.0
33334336,2010-01-20,9,0.0120125,0.0,0.0
33334336,2010-01-21,11,0.0096619,0.0,0.0
33334336,2010-01-22,5,0.0101755,0.116129,0.0
33334336,2010-01-24,4,0.0223257,0.0,0.0
33334336,2010-01-25,10,0.0139167,0.133986,0.0369863
33334336,2010-01-26,6,0.011448,0.0272727,0.0
33334336,2010-01-27,18,0.0164982,0.138787,0.0217391
33334336,2010-01-28,158,0.0816298,0.196971,0.0197204
33334336,2010-01-29,74,0.0685708,0.147449,0.0783343
33334336,2010-01-30,8,0.0458405,0.0459184,0.0229592
33334336,2010-02-01,9,0.00885244,0.0322581,0.100137
33334336,2010-02-02,14,0.0184226,0.0,0.0378151
33334336,2010-02-03,10,0.0106636,0.0947368,0.0
33334336,2010-02-04,8,0.0105006,0.09,0.226496
33334336,2010-02-05,4,0.00889825,0.0,0.0
33334336,2010-02-08,9,0.0109567,0.0322581,0.133333
33334336,2010-02-09,21,0.0140867,0.0873765,0.0881834
33334336,2010-02-10,25,0.0160028,0.110925,0.0205714
33334336,2010-02-11,72,0.0345977,0.166225,0.0109541
33334336,2010-02-12,50,0.0363025,0.207273,0.174545
33334336,2010-02-13,11,0.075686,0.0,0.0
33334336,2010-02-14,33,0.105702,0.00826446,0.0165289
33334336,2010-02-15,4,0.0142771,0.264706,0.264706
33334336,2010-02-16,12,0.0178852,0.0681818,0.0
33334336,2010-02-17,9,0.0118275,0.0273973,0.0
33334336,2010-02-18,26,0.0112346,0.184126,0.0
33334336,2010-02-19,7,0.00918305,0.107445,0.0
33334336,2010-02-20,1,0.00994977,0.0,0.0
33334336,2010-02-21,1,0.0108285,0.0,0.0
33334336,2010-02-22,8,0.00892037,0.0,0.0
33334336,2010-02-23,13,0.0106275,0.0945006,0.0
33334336,2010-02-24,5,0.00892483,0.0,0.0305085
33334336,2010-02-25,3,0.00535378,0.0,0.24
33334336,2010-02-26,32,0.0169934,0.333937,0.0267857
33334336,2010-02-27,4,0.0102815,0.225309,0.0
33334336,2010-02-28,6,0.0139917,0.0810811,0.147748
33334336,2010-03-01,34,0.0389057,0.0702486,0.0458824
33334336,2010-03-02,46,0.0202818,0.0658901,0.480068
33334336,2010-03-03,8,0.0218791,0.0,0.881212
33334336,2010-03-04,14,0.0166011,0.0761905,0.0
33334336,2010-03-05,18,0.011759,0.287591,0.0
33334336,2010-03-07,11,0.0173156,0.0,0.0
33334336,2010-03-08,15,0.0144622,0.0857143,0.0
33334336,2010-03-09,33,0.0230702,0.0618707,0.0273101
33334336,2010-03-10,16,0.0151302,0.0763861,0.0
33334336,2010-03-11,17,0.0107988,0.0,0.0
33334336,2010-03-12,23,0.0403109,0.0073831,0.116599
33334336,2010-03-13,13,0.0532271,0.0,0.0
33334336,2010-03-15,23,0.0218722,0.00767263,0.0
33334336,2010-03-16,23,0.0189449,0.0280155,0.0
33334336,2010-03-17,3,0.0107378,0.0,0.0
33334336,2010-03-18,26,0.0274935,0.0507766,0.0141287
33334336,2010-03-19,30,0.025532,0.106321,0.0241397
33334336,2010-03-22,13,0.0122081,0.0733213,0.0
33334336,2010-03-23,1,0.0071652,0.0,0.0
33334336,2010-03-24,20,0.0113818,0.0914132,0.167789
33334336,2010-03-25,25,0.0192055,0.0702266,0.0589714
33334336,2010-03-26,111,0.0689255,0.0433379,0.00731126
33334336,2010-03-27,24,0.0533886,0.0532524,0.0377119
33334336,2010-03-28,35,0.0488012,0.33569,0.0
33334336,2010-03-29,37,0.0277142,0.145493,0.0177983
33334336,2010-03-30,48,0.0269288,0.142768,0.00797873
33334336,2010-03-31,40,0.0268297,0.0691413,0.0584149
33334336,2010-04-01,2,0.0123002,0.290323,0.0
33334336,2010-04-02,8,0.0185309,0.178038,0.0
33334336,2010-04-04,10,0.0644842,0.0,0.0
33334336,2010-04-05,10,0.0112581,0.0169811,0.0692308
33334336,2010-04-06,6,0.0168154,0.0483871,0.0
33334336,2010-04-07,10,0.0127228,0.0333333,0.0391304
33334336,2010-04-08,54,0.0586476,0.133282,0.0690925
33334336,2010-04-09,10,0.0178111,0.0,0.06
33334336,2010-04-10,5,0.0444303,0.219152,0.0
33334336,2010-04-12,22,0.0397611,0.0301833,0.0371901
33334336,2010-04-13,5,0.00915532,0.0514286,0.0
33334336,2010-04-15,9,0.021646,0.0977937,0.0
33334336,2010-04-16,19,0.0172336,0.222713,0.0371517
33334336,2010-04-17,4,0.0175881,0.0762712,0.0
33334336,2010-04-19,14,0.00796832,0.0612245,0.0
33334336,2010-04-20,29,0.0123867,0.218658,0.0
33334336,2010-04-21,15,0.00785534,0.0707246,0.0
33334336,2010-04-22,67,0.0315925,0.0,0.0
33334336,2010-04-23,53,0.0189706,0.107784,0.0
33334336,2010-04-24,16,0.0523555,0.127433,0.0
33334336,2010-04-25,17,0.018113,0.145085,0.0
33334336,2010-04-26,8,0.00818147,0.0,0.0
33334336,2010-04-27,232,0.0561552,0.129084,0.016284
33334336,2010-04-28,157,0.0826526,0.130271,0.00382166
33334336,2010-04-29,10,0.0138071,0.0,0.0
33334336,2010-04-30,17,0.0188883,0.190433,0.0352941
33334336,2010-05-01,7,0.0433256,0.0,0.0
33334336,2010-05-02,2,0.00947154,0.219512,0.0
33334336,2010-05-03,25,0.0172898,0.0,0.0
33334336,2010-05-04,21,0.0225092,0.100525,0.0433498
33334336,2010-05-05,22,0.0238765,0.0654545,0.0411255
33334336,2010-05-06,9,0.0126592,0.0344828,0.186128
33334336,2010-05-07,31,0.0238273,0.161057,0.123954
33334336,2010-05-08,9,0.0357274,0.0645161,0.242424
33334336,2010-05-10,31,0.04014,0.0922252,0.026393
33334336,2010-05-11,35,0.0695746,0.0770807,0.0
33334336,2010-05-12,33,0.0246928,0.0524235,0.0230474
33334336,2010-05-13,9,0.0163382,0.12,0.0
33334336,2010-05-14,26,0.0231068,0.0555094,0.215739
33334336,2010-05-15,5,0.0283831,0.0679245,0.0
33334336,2010-05-17,18,0.0217674,0.0,0.0575524
33334336,2010-05-18,5,0.00882597,0.062069,0.062069
33334336,2010-05-19,6,0.011542,0.0,0.0
33334336,2010-05-20,48,0.0262473,0.0251976,0.190974
33334336,2010-05-21,30,0.0153817,0.0111111,0.0774194
33334336,2010-05-22,1,0.00926569,0.0,0.0
33334336,2010-05-23,10,0.0177755,0.0,0.0
33334336,2010-05-24,13,0.0187111,0.197802,0.0
33334336,2010-05-25,14,0.0103292,0.0478818,0.0257143
33334336,2010-05-26,9,0.0143572,0.0,0.0
33334336,2010-05-27,2,0.00578192,0.0,0.0
33334336,2010-05-28,13,0.0150681,0.082541,0.0
33334336,2010-05-30,3,0.0251146,0.391304,0.391304
33334336,2010-05-31,4,0.023272,0.195652,0.0918368
33334336,2010-06-01,19,0.0179515,0.142063,0.034949
33334336,2010-06-02,17,0.0125126,0.0926955,0.0
33334336,2010-06-03,26,0.0218597,0.0969461,0.0
33334336,2010-06-04,6,0.0159933,0.115385,0.0
33334336,2010-06-05,1,0.0159542,0.0,0.0
33334336,2010-06-06,8,0.0252765,0.0661765,0.0
33334336,2010-06-07,9,0.0127535,0.154401,0.0465116
33334336,2010-06-08,10,0.0112073,0.274557,0.0
33334336,2010-06-09,31,0.0224589,0.0895866,0.051658
33334336,2010-06-10,14,0.0154042,0.159788,0.012605
33334336,2010-06-11,4,0.0112322,0.0478723,0.0
33334336,2010-06-12,4,0.0651365,0.0849056,0.0
33334336,2010-06-13,2,0.01102,0.0,0.0
33334336,2010-06-14,29,0.0286837,0.124005,0.0
33334336,2010-06-15,7,0.00985641,0.111801,0.0
33334336,2010-06-16,55,0.0456856,0.0296249,0.0
33334336,2010-06-17,8,0.0147982,0.146739,0.0
33334336,2010-06-18,6,0.0145873,0.0,0.0
33334336,2010-06-19,4,0.0101073,0.0,0.0
33334336,2010-06-20,1,0.00888816,0.0,0.0
33334336,2010-06-21,10,0.0254267,0.0,0.0290398
33334336,2010-06-22,6,0.0130546,0.0603949,0.0
33334336,2010-06-23,6,0.0170044,0.0,0.0
33334336,2010-06-24,168,0.357093,0.165509,0.0288343
33334336,2010-06-25,7,0.0471423,0.126257,0.0756303
33334336,2010-06-26,1,0.0311308,0.0,0.0
33334336,2010-06-27,1,0.00814512,0.0,0.0
33334336,2010-06-28,26,0.0682166,0.114296,0.0
33334336,2010-06-29,15,0.0382332,0.0563233,0.0101695
33334336,2010-06-30,14,0.0227451,0.0646259,0.0428572
33334336,2010-07-01,34,0.0187447,0.0787476,0.0502501
33334336,2010-07-02,14,0.0178953,0.223602,0.0378151
33334336,2010-07-03,9,0.0382396,0.347826,0.0588235
33334336,2010-07-04,2,0.013269,0.0,0.0
33334336,2010-07-05,9,0.0306087,0.015873,0.0
33334336,2010-07-06,31,0.0215372,0.0556398,0.0
33334336,2010-07-07,30,0.0270719,0.0454545,0.0153846
33334336,2010-07-08,10,0.0125392,0.0243243,0.036
33334336,2010-07-09,4,0.0153993,0.0,0.0
33334336,2010-07-11,12,0.128718,0.0319149,0.182121
33334336,2010-07-12,14,0.0126593,0.0720858,0.0
33334336,2010-07-13,60,0.0328355,0.155452,0.018123
33334336,2010-07-14,51,0.028185,0.0410683,0.0626339
33334336,2010-07-15,15,0.0118406,0.0923077,0.0
33334336,2010-07-16,45,0.0241824,0.0,0.0
33334336,2010-07-17,2,0.0203477,0.0,0.0
33334336,2010-07-18,9,0.0188639,0.0,0.0
33334336,2010-07-19,108,0.0289735,0.025641,0.00170068
33334336,2010-07-20,182,0.0493231,0.134768,0.0382919
33334336,2010-07-21,63,0.0291992,0.0,0.0
33334336,2010-07-22,426,0.0878465,0.245266,0.0129404
33334336,2010-07-23,143,0.0573543,0.119322,0.0
33334336,2010-07-24,12,0.069819,0.0,0.0
33334336,2010-07-25,12,0.0251981,0.0882353,0.0
33334336,2010-07-26,72,0.026256,0.0755977,0.00462963
33334336,2010-07-27,77,0.0253614,0.0,0.018954
33334336,2010-07-28,106,0.0349156,0.004175,0.0
33334336,2010-07-29,68,0.0231078,0.0,0.012605
33334336,2010-07-30,127,0.0443623,0.00886699,0.0
33334336,2010-07-31,9,0.0217679,0.0487805,0.0
33334336,2010-08-01,3,0.0193492,0.0,0.0
33334336,2010-08-02,118,0.0398085,0.00837282,0.00492072
33334336,2010-08-03,144,0.0560104,0.0455284,0.0393658
33334336,2010-08-04,105,0.0388149,0.0111047,0.0287712
33334336,2010-08-05,128,0.03379,0.0369982,0.0699163
33334336,2010-08-06,77,0.0357011,0.0613797,0.0
33334336,2010-08-07,9,0.0355483,0.0,0.0
33334336,2010-08-08,5,0.0205809,0.440494,0.0
33334336,2010-08-09,95,0.0472389,0.127278,0.0
33334336,2010-08-10,98,0.0394114,0.00921057,0.0257307
33334336,2010-08-11,81,0.0421703,0.0141598,0.0323669
33334336,2010-08-12,56,0.0304324,0.0487013,0.0
33334336,2010-08-13,31,0.0190463,0.0890937,0.0293907
33334336,2010-08-14,3,0.0230262,0.0,0.0
33334336,2010-08-15,4,0.0175428,0.0,0.0
33334336,2010-08-16,62,0.0358973,0.0,0.0
33334336,2010-08-17,85,0.0454465,0.143567,0.00877005
33334336,2010-08-18,56,0.0268716,0.0177019,0.0351774
33334336,2010-08-19,52,0.0192575,0.0148352,0.0860651
33334336,2010-08-20,35,0.0315193,0.0,0.0317404
33334336,2010-08-21,11,0.0353923,0.0,0.0
33334336,2010-08-23,86,0.0414818,0.0816085,0.0809367
33334336,2010-08-24,59,0.0301469,0.0554077,0.0
33334336,2010-08-25,79,0.032617,0.143622,0.00330215
33334336,2010-08-26,17,0.0198885,0.0196139,0.0
33334336,2010-08-27,92,0.0247468,0.0,0.0
33334336,2010-08-28,10,0.0245225,0.0,0.0
33334336,2010-08-29,6,0.0449452,0.14918,0.0
33334336,2010-08-30,711,0.188813,0.065375,0.0176313
33334336,2010-08-31,450,0.157587,0.092816,0.0127403
33334336,2010-09-01,118,0.109657,0.0823901,0.0369911
33334336,2010-09-02,108,0.045111,0.0692039,0.00574713
33334336,2010-09-03,97,0.0333505,0.0812476,0.00319943
33334336,2010-09-04,16,0.0216258,0.14226,0.0296053
33334336,2010-09-05,15,0.0455578,0.147704,0.0371134
33334336,2010-09-06,34,0.0313982,0.0,0.0
33334336,2010-09-07,66,0.0217773,0.00581573,0.0
33334336,2010-09-08,124,0.0327271,0.0182829,0.0114601
33334336,2010-09-09,217,0.0925782,0.0862055,0.0213877
33334336,2010-09-10,57,0.0208463,0.131031,0.0
33334336,2010-09-11,2,0.0183672,0.18,0.0
33334336,2010-09-12,2,0.0136521,0.0,0.0
33334336,2010-09-13,44,0.0153345,0.0478783,0.00889328
33334336,2010-09-14,30,0.0353192,0.04269,0.0
33334336,2010-09-15,33,0.0142416,0.0869054,0.0
33334336,2010-09-16,58,0.0195405,0.0828359,0.0
33334336,2010-09-17,29,0.0186463,0.0694573,0.0623974
33334336,2010-09-18,17,0.0232145,0.0730223,0.0
33334336,2010-09-19,8,0.00929146,0.0,0.0
33334336,2010-09-20,38,0.0123344,0.076594,0.0
33334336,2010-09-21,30,0.0147297,0.0146667,0.0181818
33334336,2010-09-22,19,0.0159936,0.0479129,0.0
33334336,2010-09-23,38,0.0415303,0.0342649,0.0210526
33334336,2010-09-24,16,0.018238,0.0,0.0
33334336,2010-09-25,11,0.0176594,0.0,0.0
33334336,2010-09-26,11,0.0136996,0.0,0.0
33334336,2010-09-27,26,0.0124176,0.0854468,0.0
33334336,2010-09-28,25,0.018503,0.0963841,0.124207
33334336,2010-09-29,28,0.0312005,0.102857,0.102857
33334336,2010-09-30,24,0.0216302,0.243097,0.0
33334336,2010-10-01,55,0.0170372,0.0152623,0.0
33334336,2010-10-02,30,0.0342903,0.0,0.0238095
33334336,2010-10-03,11,0.0,0.0495868,0.0
33334336,2010-10-04,35,0.0106382,0.128812,0.018449
33334336,2010-10-05,63,0.0297217,0.03256,0.021978
33334336,2010-10-06,59,0.0153957,0.197681,0.038947
33334336,2010-10-07,59,0.0235773,0.0396938,0.00240224
33334336,2010-10-08,50,0.0202279,0.0859632,0.0283765
33334336,2010-10-09,11,0.0225774,0.0,0.0
33334336,2010-10-10,17,0.0356771,0.0302521,0.0
33334336,2010-10-11,176,0.260173,0.632231,0.0
33334336,2010-10-12,88,0.0641599,0.0489097,0.0
33334336,2010-10-13,119,0.04688,0.229367,0.0
33334336,2010-10-14,53,0.0240735,0.188565,0.0109556
33334336,2010-10-15,11,0.0144422,0.298229,0.0
33334336,2010-10-16,8,0.036491,0.0,0.0
33334336,2010-10-17,4,0.0116394,0.0,0.0
33334336,2010-10-18,83,0.026994,0.0676034,0.00471451
33334336,2010-10-19,23,0.0177804,0.154048,0.0
33334336,2010-10-20,61,0.0180836,0.185899,0.241431
33334336,2010-10-21,97,0.0287513,0.0932615,0.00681998
33334336,2010-10-22,38,0.0212791,0.0718843,0.0358852
33334336,2010-10-23,5,0.0140442,0.220952,0.154286
33334336,2010-10-24,14,0.0327112,0.0537044,0.0207373
33334336,2010-10-25,34,0.0181518,0.0825822,0.0
33334336,2010-10-26,40,0.0251572,0.0535653,0.0
33334336,2010-10-27,50,0.0217911,0.0557838,0.0114757
33334336,2010-10-28,474,0.0879694,0.155003,0.15926
33334336,2010-10-29,65,0.0346039,0.200877,0.122455
33334336,2010-10-30,21,0.0982322,0.0,0.0138249
33334336,2010-10-31,17,0.0899152,0.107958,0.0
33334336,2010-11-01,29,0.0294792,0.188625,0.0
33334336,2010-11-02,148,0.0548776,0.0530688,0.0
33334336,2010-11-03,27,0.00657324,0.0209803,0.00343643
33334336,2010-11-04,47,0.0142945,0.0237599,0.119427
33334336,2010-11-05,15,0.0148616,0.0789305,0.0
33334336,2010-11-06,10,0.0215688,0.249971,0.12
33334336,2010-11-07,6,0.0100602,0.419797,0.300412
33334336,2010-11-08,72,0.0160504,0.207526,0.0
33334336,2010-11-09,43,0.0122078,0.107249,0.0604542
33334336,2010-11-10,28,0.00690886,0.283184,0.0817635
33334336,2010-11-11,20,0.00748168,0.0983377,0.0
33334336,2010-11-12,48,0.0117564,0.0335007,0.0
33334336,2010-11-13,3,0.0,0.0,0.0
33334336,2010-11-14,13,0.00737852,0.081448,0.0
33334336,2010-11-15,30,0.00746136,0.160436,0.103883
33334336,2010-11-16,51,0.00992066,0.0168067,0.0221453
33334336,2010-11-17,54,0.0236953,0.0333333,0.029214
33334336,2010-11-18,28,0.00907422,0.0513883,0.0
33334336,2010-11-19,49,0.0320681,0.0748299,0.0
33334336,2010-11-20,1,0.00562367,0.0,0.